123 85 74 0 
122 84 73 0 
121 83 72 0 
119 81 70 0 
119 81 70 0 
118 80 69 0 
119 81 70 0 
119 81 70 0 
125 87 76 0 
125 87 76 0 
126 88 77 0 
126 88 77 0 
126 88 77 0 
127 89 78 0 
125 85 77 0 
126 86 78 0 
126 86 78 0 
125 85 77 0 
124 84 76 0 
125 85 77 0 
128 88 80 0 
131 91 83 0 
131 91 83 0 
132 92 84 0 
132 92 84 0 
131 91 83 0 
128 88 80 0 
126 86 78 0 
126 86 78 0 
127 87 79 0 
126 86 78 0 
127 87 79 0 
129 89 81 0 
130 90 82 0 
131 91 83 0 
130 90 82 0 
129 89 81 0 
129 89 81 0 
132 92 84 0 
129 89 81 0 
127 87 79 0 
127 87 79 0 
130 90 82 0 
131 91 83 0 
130 90 82 0 
128 88 78 0 
129 89 79 0 
130 90 78 0 
131 91 79 0 
132 92 80 0 
132 92 80 0 
132 92 80 0 
132 92 80 0 
131 91 79 0 
135 95 83 0 
134 94 82 0 
133 93 81 0 
132 92 80 0 
130 90 78 0 
129 89 77 0 
128 88 76 0 
127 88 73 0 
129 90 75 0 
129 90 75 0 
128 88 78 0 
127 87 79 0 
129 86 80 0 
128 85 78 0 
128 84 75 0 
128 85 69 0 
127 82 61 0 
223 179 152 0 
219 176 144 0 
223 180 146 0 
230 185 156 0 
236 190 164 0 
235 189 165 0 
238 190 168 0 
244 189 168 1 
247 190 170 1 
250 195 175 1 
253 201 180 1 
255 203 187 1 
255 207 192 1 
255 208 194 1 
253 209 196 1 
255 214 205 1 
253 215 206 1 
252 215 207 1 
250 217 210 1 
251 217 215 1 
251 220 217 1 
252 222 220 1 
255 224 221 1 
255 228 222 1 
255 226 218 1 
255 223 215 1 
255 221 213 1 
255 219 211 1 
255 218 210 1 
255 219 211 1 
255 219 211 1 
255 218 210 1 
255 219 211 1 
255 219 211 1 
255 219 211 1 
255 219 211 1 
255 218 210 1 
254 217 209 1 
253 216 207 1 
252 218 208 1 
252 218 206 1 
252 218 206 1 
252 218 206 1 
254 218 206 1 
254 218 206 1 
255 217 206 1 
255 217 206 1 
255 220 209 1 
255 219 208 1 
255 218 208 1 
255 217 207 1 
255 216 206 1 
255 215 205 1 
254 214 204 1 
253 213 203 1 
253 213 205 1 
254 214 206 1 
254 214 206 1 
255 215 207 1 
255 216 208 1 
255 216 208 1 
255 217 209 1 
255 217 209 1 
248 208 200 1 
252 212 204 1 
255 215 207 1 
255 217 209 1 
255 216 208 1 
255 215 207 1 
255 215 207 1 
254 216 207 1 
253 219 207 1 
253 221 208 1 
255 221 209 1 
255 221 209 1 
254 220 208 1 
253 219 207 1 
253 217 205 1 
252 216 204 1 
253 215 204 1 
252 214 203 1 
252 212 202 1 
251 211 201 1 
253 210 201 1 
253 210 201 1 
253 210 201 1 
254 211 202 1 
252 212 202 1 
252 212 202 1 
253 213 203 1 
253 213 203 1 
253 213 203 1 
254 214 204 1 
254 214 204 1 
254 214 204 1 
252 212 202 1 
252 212 202 1 
252 212 202 1 
252 212 202 1 
252 212 202 1 
252 212 202 1 
252 212 202 1 
252 212 202 1 
251 207 196 1 
250 206 195 1 
249 205 194 1 
249 205 194 1 
249 205 194 1 
119 81 70 0 
119 81 70 0 
119 81 70 0 
120 82 71 0 
120 82 71 0 
121 83 72 0 
122 84 73 0 
123 85 74 0 
123 85 74 0 
123 85 74 0 
123 85 74 0 
124 86 75 0 
124 86 75 0 
125 87 76 0 
125 87 76 0 
125 87 76 0 
125 85 77 0 
126 86 78 0 
126 86 78 0 
125 85 77 0 
123 83 75 0 
124 84 76 0 
126 86 78 0 
129 89 81 0 
131 91 83 0 
133 93 85 0 
133 93 85 0 
133 93 85 0 
131 91 83 0 
130 90 82 0 
131 91 83 0 
132 92 84 0 
128 88 80 0 
129 89 81 0 
130 90 82 0 
132 92 84 0 
132 92 84 0 
132 92 84 0 
131 91 83 0 
130 90 82 0 
132 92 84 0 
129 89 81 0 
127 87 79 0 
127 87 79 0 
130 90 82 0 
131 91 83 0 
130 90 82 0 
128 88 78 0 
131 91 81 0 
132 92 80 0 
133 93 81 0 
133 93 81 0 
133 93 81 0 
133 93 81 0 
132 92 80 0 
131 91 79 0 
133 93 81 0 
132 92 80 0 
132 92 80 0 
131 91 79 0 
131 91 79 0 
130 90 78 0 
130 90 78 0 
129 90 75 0 
129 90 75 0 
129 90 75 0 
128 88 78 0 
127 87 79 0 
129 86 80 0 
128 85 78 0 
128 84 75 0 
128 85 69 0 
129 84 63 0 
224 180 153 0 
221 178 146 0 
225 182 150 0 
231 186 157 0 
236 190 164 0 
235 189 166 0 
238 190 168 0 
244 192 171 0 
248 193 173 0 
252 197 177 0 
254 201 183 0 
255 205 188 0 
255 208 193 1 
255 210 195 1 
254 210 197 1 
255 213 204 1 
255 217 208 1 
255 220 212 1 
255 223 217 1 
255 226 221 1 
255 226 223 1 
255 226 224 1 
255 225 222 1 
253 218 212 1 
254 217 209 1 
253 216 208 1 
252 215 207 1 
251 214 206 1 
251 214 206 1 
251 214 206 1 
251 214 206 1 
255 222 214 1 
255 222 214 1 
255 222 214 1 
255 220 212 1 
255 219 211 1 
254 217 209 1 
253 216 208 1 
252 215 206 1 
251 217 207 1 
252 218 206 1 
252 218 206 1 
252 218 206 1 
254 218 206 1 
254 218 206 1 
255 217 206 1 
255 218 207 1 
255 217 206 1 
255 217 206 1 
255 216 206 1 
255 215 205 1 
254 214 204 1 
254 214 204 1 
253 213 203 1 
253 213 203 1 
251 211 203 1 
251 211 203 1 
251 211 203 1 
252 212 204 1 
252 212 204 1 
252 212 204 1 
253 213 205 1 
253 213 205 1 
249 209 201 1 
252 212 204 1 
255 216 208 1 
255 217 209 1 
255 216 208 1 
255 215 207 1 
255 215 207 1 
255 217 208 1 
252 218 206 1 
252 220 207 1 
254 220 208 1 
254 220 208 1 
254 220 208 1 
253 219 207 1 
254 218 206 1 
253 217 205 1 
253 215 204 1 
253 215 204 1 
253 213 203 1 
252 212 202 1 
254 211 202 1 
254 211 202 1 
254 211 202 1 
254 211 202 1 
254 214 204 1 
254 214 204 1 
254 214 204 1 
253 213 203 1 
252 212 202 1 
252 212 202 1 
252 212 202 1 
251 211 201 1 
252 212 202 1 
252 212 202 1 
252 212 202 1 
252 212 202 1 
252 212 202 1 
252 212 202 1 
252 212 202 1 
252 212 202 1 
255 211 200 1 
254 210 199 1 
254 210 199 1 
253 209 198 1 
253 209 198 1 
120 82 71 1 
120 82 71 0 
120 82 71 0 
121 83 72 0 
122 84 73 0 
123 85 74 0 
123 85 74 0 
123 85 74 0 
120 82 71 0 
121 83 72 0 
121 83 72 0 
121 83 72 0 
122 84 73 0 
122 84 73 0 
122 84 73 0 
123 85 74 0 
124 84 76 0 
125 85 77 0 
126 86 78 0 
124 84 76 0 
122 82 74 0 
122 82 74 0 
124 84 76 0 
126 86 78 0 
129 89 81 0 
130 90 82 0 
132 92 84 0 
132 92 84 0 
131 91 83 0 
130 90 82 0 
132 92 84 0 
134 94 86 0 
130 90 82 0 
131 91 83 0 
132 92 84 0 
133 93 85 0 
133 93 85 0 
133 93 85 0 
132 92 84 0 
132 92 84 0 
130 90 82 0 
129 89 81 0 
127 87 79 0 
127 87 79 0 
129 89 81 0 
130 90 82 0 
129 89 81 0 
129 89 79 0 
133 93 83 0 
133 93 81 0 
134 94 82 0 
134 94 82 0 
134 94 82 0 
133 93 81 0 
132 92 80 0 
132 92 80 0 
131 91 79 0 
131 91 79 0 
131 91 79 0 
131 91 79 0 
131 91 79 0 
131 91 79 0 
131 91 79 0 
131 92 77 0 
129 90 75 0 
129 90 75 0 
128 88 78 0 
127 87 79 0 
129 86 80 0 
128 85 79 0 
128 84 75 0 
128 85 69 0 
131 86 65 0 
227 183 158 0 
225 180 151 0 
229 184 153 0 
232 187 158 0 
236 190 166 0 
236 188 168 0 
238 190 170 1 
244 191 173 1 
246 193 175 1 
250 197 179 1 
253 202 185 1 
254 205 188 1 
255 208 192 1 
255 209 194 1 
253 209 196 1 
255 212 203 1 
255 217 208 1 
255 223 215 1 
255 227 221 1 
255 230 225 1 
255 228 223 1 
255 225 222 1 
255 223 218 1 
250 215 209 1 
253 216 208 1 
254 217 209 1 
254 217 209 1 
254 217 209 1 
254 217 209 1 
253 216 208 1 
253 216 208 1 
253 216 208 1 
253 216 208 1 
253 216 208 1 
252 215 207 1 
251 214 206 1 
250 213 205 1 
250 213 205 1 
249 212 203 1 
253 216 207 1 
253 217 205 1 
253 217 205 1 
254 218 206 1 
254 218 206 1 
255 219 207 1 
255 218 207 1 
255 218 207 1 
253 215 204 1 
253 215 204 1 
254 214 204 1 
253 213 203 1 
253 213 203 1 
253 213 203 1 
255 212 203 1 
255 212 203 1 
255 215 207 1 
255 215 207 1 
254 214 206 1 
254 214 206 1 
254 214 206 1 
254 214 206 1 
253 213 205 1 
253 213 205 1 
249 209 201 1 
252 212 204 1 
255 215 207 1 
255 216 208 1 
255 216 208 1 
255 215 207 1 
255 215 207 1 
255 217 208 1 
253 217 205 1 
251 217 205 1 
252 218 206 1 
253 219 207 1 
255 219 207 1 
255 219 207 1 
255 217 206 1 
255 217 206 1 
255 215 205 1 
255 215 205 1 
254 214 204 1 
253 213 203 1 
254 211 202 1 
255 212 203 1 
255 212 203 1 
255 212 203 1 
255 215 205 1 
255 215 205 1 
254 214 204 1 
253 213 203 1 
252 212 202 1 
250 210 200 1 
249 209 199 1 
249 209 199 1 
252 212 202 1 
252 212 202 1 
252 212 202 1 
252 212 202 1 
252 212 202 1 
252 212 202 1 
252 212 202 1 
252 212 202 1 
255 213 202 1 
255 212 201 1 
255 211 200 1 
255 211 200 1 
255 211 200 1 
124 86 75 0 
124 86 75 0 
123 85 74 0 
123 85 74 0 
122 84 73 0 
121 83 72 0 
120 82 71 0 
120 82 71 0 
120 82 71 0 
120 82 71 0 
120 82 71 0 
120 82 71 0 
121 83 72 0 
121 83 72 0 
121 83 72 0 
122 84 73 0 
124 84 76 0 
125 85 77 0 
125 85 77 0 
124 84 76 0 
122 82 74 0 
121 81 73 0 
122 82 74 0 
123 83 75 0 
125 85 77 0 
126 86 78 0 
128 88 80 0 
127 87 79 0 
126 86 78 0 
126 86 78 0 
127 87 79 0 
129 89 81 0 
131 91 83 0 
131 91 83 0 
131 91 83 0 
132 92 84 0 
132 92 84 0 
132 92 84 0 
131 91 83 0 
131 91 83 0 
128 88 80 0 
127 87 79 0 
126 86 78 0 
126 86 78 0 
127 87 79 0 
128 88 80 0 
128 88 80 0 
128 88 80 0 
130 90 80 0 
131 91 79 0 
132 92 80 0 
133 93 81 0 
134 94 82 0 
134 94 82 0 
134 94 82 0 
133 93 81 0 
132 92 80 0 
132 92 80 0 
131 91 79 0 
131 91 79 0 
131 91 79 0 
131 91 79 0 
130 90 78 0 
130 90 78 0 
129 90 75 0 
129 90 75 0 
128 88 78 0 
127 87 79 0 
129 86 80 0 
128 85 79 0 
128 84 75 0 
128 84 71 0 
132 87 68 0 
229 185 160 0 
229 184 155 0 
231 186 157 0 
233 187 161 0 
238 190 167 0 
237 188 171 1 
239 190 173 1 
243 192 175 1 
245 194 177 1 
247 198 181 1 
250 201 186 1 
252 205 189 1 
252 206 191 1 
251 207 194 1 
250 208 196 1 
254 214 204 1 
255 217 206 1 
255 221 213 1 
255 225 216 1 
255 225 219 1 
255 224 219 1 
253 220 215 1 
251 218 213 1 
252 217 211 1 
255 218 210 1 
255 220 212 1 
255 221 213 1 
255 221 213 1 
255 220 212 1 
255 218 210 1 
254 217 209 1 
247 210 202 1 
247 210 202 1 
248 211 203 1 
248 211 203 1 
250 213 205 1 
251 214 206 1 
253 216 208 1 
253 216 207 1 
252 215 206 1 
252 216 204 1 
253 217 205 1 
254 218 206 1 
254 218 206 1 
255 219 207 1 
255 219 208 1 
255 219 208 1 
252 214 203 1 
252 214 203 1 
253 213 203 1 
253 213 203 1 
254 214 204 1 
254 214 204 1 
255 213 204 1 
255 213 204 1 
255 217 209 1 
255 217 209 1 
255 216 208 1 
255 215 207 1 
255 215 207 1 
254 214 206 1 
253 213 205 1 
253 213 205 1 
248 208 200 1 
251 211 203 1 
253 213 205 1 
254 214 206 1 
254 214 206 1 
253 213 205 1 
254 214 206 1 
254 216 207 1 
251 215 203 1 
250 216 204 1 
251 217 205 1 
251 217 205 1 
254 218 206 1 
254 218 206 1 
255 218 207 1 
255 218 207 1 
255 216 206 1 
255 215 205 1 
254 214 204 1 
254 214 204 1 
255 212 203 1 
255 212 203 1 
255 213 204 1 
255 213 204 1 
254 214 204 1 
253 213 203 1 
253 213 203 1 
252 212 202 1 
251 211 201 1 
250 210 200 1 
249 209 199 1 
249 209 199 1 
251 211 201 1 
251 211 201 1 
251 211 201 1 
251 211 201 1 
251 211 201 1 
251 211 201 1 
251 211 201 1 
251 211 201 1 
255 211 200 1 
254 210 199 1 
253 209 198 1 
253 209 198 1 
253 209 198 1 
124 84 74 0 
124 84 74 0 
125 85 75 0 
125 85 75 0 
124 84 74 0 
123 83 73 0 
121 81 71 0 
120 80 70 0 
121 81 71 0 
121 81 71 0 
122 82 72 0 
122 82 72 0 
122 82 72 0 
123 83 73 0 
123 83 73 0 
123 83 73 0 
125 82 75 0 
126 83 76 0 
127 84 77 0 
126 83 76 0 
124 81 74 0 
122 79 72 0 
123 80 73 0 
124 81 74 0 
126 83 76 0 
128 85 78 0 
129 86 79 0 
128 85 78 0 
126 83 76 0 
125 82 75 0 
126 83 76 0 
127 84 77 0 
130 90 82 0 
129 89 81 0 
129 89 81 0 
129 89 81 0 
129 89 81 0 
129 89 81 0 
129 89 81 0 
129 89 81 0 
125 85 77 0 
126 86 78 0 
126 86 78 0 
125 85 77 0 
125 85 77 0 
126 86 78 0 
128 88 80 0 
129 89 81 0 
127 87 77 0 
128 88 78 0 
129 89 79 0 
131 91 81 0 
133 93 83 0 
134 94 84 0 
134 94 84 0 
134 94 84 0 
134 94 84 0 
134 94 84 0 
133 93 83 0 
132 92 82 0 
130 90 80 0 
129 89 79 0 
128 88 78 0 
128 88 76 0 
129 90 75 0 
129 90 75 0 
128 88 76 0 
127 87 79 0 
129 86 80 0 
128 85 79 0 
128 83 77 0 
128 84 71 0 
131 86 67 0 
231 185 162 0 
232 185 159 0 
234 187 159 0 
235 187 164 0 
240 189 168 0 
239 187 173 0 
240 191 176 0 
244 197 181 0 
245 198 182 0 
248 201 185 0 
250 204 189 0 
253 207 192 0 
252 208 195 0 
252 208 195 0 
251 209 197 1 
255 218 208 1 
255 220 209 1 
255 220 212 1 
254 220 211 1 
253 218 212 1 
252 217 211 1 
251 216 210 1 
250 215 209 1 
252 215 207 1 
253 216 208 1 
254 217 209 1 
254 217 209 1 
253 216 208 1 
252 215 207 1 
250 213 205 1 
248 211 203 1 
251 214 206 1 
251 214 206 1 
251 214 206 1 
252 215 207 1 
254 217 209 1 
255 219 211 1 
255 221 213 1 
255 222 213 1 
253 216 207 1 
253 217 205 1 
253 217 205 1 
254 218 206 1 
255 217 206 1 
255 218 207 1 
255 218 207 1 
255 218 207 1 
254 214 204 1 
254 214 204 1 
254 214 204 1 
254 214 204 1 
255 214 205 1 
255 214 205 1 
255 214 205 1 
255 214 205 1 
255 213 206 1 
255 212 205 1 
255 212 205 1 
254 211 204 1 
252 209 202 1 
251 208 201 1 
251 208 201 1 
250 207 200 1 
249 206 199 1 
251 208 201 1 
253 210 203 1 
254 211 204 1 
253 210 203 1 
253 210 203 1 
254 211 204 1 
254 214 206 1 
252 214 203 1 
251 215 203 1 
252 216 204 1 
252 216 204 1 
254 216 205 1 
254 216 205 1 
255 217 206 1 
255 218 207 1 
255 216 206 1 
255 215 205 1 
254 214 204 1 
254 214 204 1 
255 212 203 1 
255 212 203 1 
255 213 204 1 
255 213 204 1 
250 210 200 1 
250 210 200 1 
250 210 200 1 
251 211 201 1 
251 211 201 1 
251 211 201 1 
251 211 201 1 
251 211 201 1 
251 211 201 1 
251 211 201 1 
251 211 201 1 
251 211 201 1 
251 211 201 1 
251 211 201 1 
251 211 201 1 
251 211 201 1 
253 209 198 1 
253 209 198 1 
252 208 197 1 
252 208 197 1 
252 208 197 1 
119 79 69 0 
120 80 70 0 
122 82 72 0 
124 84 74 0 
125 85 75 0 
124 84 74 0 
123 83 73 0 
123 83 73 0 
122 82 72 0 
122 82 72 0 
122 82 72 0 
122 82 72 0 
123 83 73 0 
123 83 73 0 
123 83 73 0 
124 84 74 0 
124 81 74 0 
125 82 75 0 
127 84 77 0 
127 84 77 0 
125 82 75 0 
124 81 74 0 
124 81 74 0 
125 82 75 0 
128 85 78 0 
130 87 80 0 
130 87 80 0 
129 86 79 0 
127 84 77 0 
126 83 76 0 
127 84 77 0 
128 85 78 0 
129 89 81 0 
128 88 80 0 
127 87 79 0 
126 86 78 0 
126 86 78 0 
126 86 78 0 
127 87 79 0 
127 87 79 0 
125 85 77 0 
126 86 78 0 
127 87 79 0 
127 87 79 0 
126 86 78 0 
127 87 79 0 
129 89 81 0 
131 91 83 0 
126 86 76 0 
127 87 77 0 
129 89 79 0 
131 91 81 0 
132 92 82 0 
133 93 83 0 
134 94 84 0 
134 94 84 0 
135 95 85 0 
135 95 85 0 
133 93 83 0 
132 92 82 0 
130 90 80 0 
129 89 79 0 
127 87 77 0 
127 87 75 0 
129 90 75 0 
129 90 75 0 
128 88 76 0 
127 87 79 0 
129 86 80 0 
128 85 79 0 
128 83 77 0 
130 84 71 0 
130 83 65 0 
230 184 161 0 
232 185 159 0 
235 188 162 0 
238 188 165 0 
240 189 170 0 
239 187 173 0 
243 191 178 0 
248 201 185 0 
249 203 187 1 
252 206 191 1 
252 209 193 1 
254 210 197 1 
254 212 198 1 
254 212 200 1 
251 211 199 1 
255 223 213 1 
255 222 211 1 
255 219 210 1 
254 217 209 1 
253 216 210 1 
251 216 210 1 
251 216 210 1 
252 218 209 1 
253 216 208 1 
253 216 208 1 
253 216 208 1 
253 216 208 1 
252 215 207 1 
250 213 205 1 
249 212 204 1 
248 211 203 1 
255 219 211 1 
255 218 210 1 
253 216 208 1 
252 215 207 1 
252 215 207 1 
253 216 208 1 
254 217 209 1 
255 218 209 1 
254 218 206 1 
254 218 206 1 
254 218 206 1 
254 218 206 1 
255 217 206 1 
255 217 206 1 
255 217 206 1 
255 217 206 1 
255 215 205 1 
255 215 205 1 
255 215 205 1 
255 215 205 1 
255 214 205 1 
255 213 204 1 
255 213 204 1 
255 213 204 1 
255 214 207 1 
255 213 206 1 
255 212 205 1 
255 212 205 1 
253 210 203 1 
253 210 203 1 
252 209 202 1 
251 208 201 1 
250 207 200 1 
251 208 201 1 
253 210 203 1 
253 210 203 1 
252 209 202 1 
252 209 202 1 
254 211 204 1 
254 214 206 1 
253 215 204 1 
252 216 204 1 
252 214 203 1 
252 214 203 1 
252 214 203 1 
253 215 204 1 
254 216 205 1 
254 216 205 1 
255 215 205 1 
255 215 205 1 
254 214 204 1 
253 213 203 1 
254 211 202 1 
255 212 203 1 
255 212 203 1 
255 212 203 1 
249 209 199 1 
249 209 199 1 
249 209 199 1 
250 210 200 1 
250 210 200 1 
250 210 200 1 
251 211 201 1 
251 211 201 1 
250 210 200 1 
250 210 200 1 
250 210 200 1 
250 210 200 1 
250 210 200 1 
250 210 200 1 
250 210 200 1 
250 210 200 1 
254 210 199 1 
254 210 199 1 
253 209 198 1 
253 209 198 1 
253 209 198 1 
117 77 67 0 
119 79 69 0 
121 81 71 0 
123 83 73 0 
124 84 74 0 
124 84 74 0 
122 82 72 0 
121 81 71 0 
121 81 71 0 
121 81 71 0 
121 81 71 0 
122 82 72 0 
122 82 72 0 
123 83 73 0 
123 83 73 0 
123 83 73 0 
122 79 72 0 
125 82 75 0 
127 84 77 0 
128 85 78 0 
126 83 76 0 
125 82 75 0 
125 82 75 0 
126 83 76 0 
128 85 78 0 
129 86 79 0 
131 88 81 0 
130 87 80 0 
129 86 79 0 
129 86 79 0 
130 87 80 0 
132 89 82 0 
129 89 81 0 
128 88 80 0 
127 87 79 0 
125 85 77 0 
125 85 77 0 
125 85 77 0 
126 86 78 0 
127 87 79 0 
127 87 79 0 
129 89 81 0 
131 91 83 0 
130 90 82 0 
129 89 81 0 
129 89 81 0 
132 92 84 0 
135 95 87 0 
130 90 80 0 
131 91 81 0 
132 92 82 0 
132 92 82 0 
133 93 83 0 
133 93 83 0 
132 92 82 0 
132 92 82 0 
134 94 84 0 
133 93 83 0 
132 92 82 0 
132 92 82 0 
130 90 80 0 
130 90 80 0 
129 89 79 0 
128 88 76 0 
128 91 75 0 
128 91 75 0 
128 88 78 0 
127 87 79 0 
129 86 80 0 
128 85 79 0 
128 83 77 0 
130 84 71 0 
127 80 62 0 
229 183 159 0 
232 185 159 0 
237 187 162 0 
239 187 165 0 
241 188 170 0 
241 188 172 0 
244 192 178 0 
249 202 186 1 
247 204 187 1 
250 207 191 1 
252 209 193 1 
254 210 197 1 
253 211 197 1 
253 211 199 1 
250 210 198 1 
255 220 210 1 
255 219 208 1 
255 218 209 1 
254 216 207 1 
254 215 208 1 
253 216 208 1 
254 217 209 1 
255 218 210 1 
255 218 211 1 
255 218 209 1 
255 217 208 1 
255 217 208 1 
255 217 208 1 
255 217 208 1 
255 218 209 1 
255 218 209 1 
255 217 208 1 
254 216 207 1 
252 214 205 1 
250 212 203 1 
249 211 202 1 
250 212 203 1 
252 214 205 1 
253 215 206 1 
255 219 208 1 
255 219 208 1 
255 218 207 1 
255 217 206 1 
255 217 206 1 
254 216 205 1 
254 214 204 1 
254 214 204 1 
255 215 205 1 
255 215 205 1 
255 213 204 1 
255 213 204 1 
255 212 203 1 
254 211 202 1 
255 211 202 1 
255 211 202 1 
255 215 206 1 
255 215 206 1 
255 214 205 1 
255 214 205 1 
255 213 204 1 
255 212 203 1 
255 212 203 1 
255 212 203 1 
252 209 200 1 
253 210 201 1 
254 211 202 1 
254 211 202 1 
253 210 201 1 
254 211 202 1 
255 213 204 1 
255 215 206 1 
255 215 205 1 
253 215 204 1 
253 213 203 1 
252 212 202 1 
252 212 202 1 
252 212 202 1 
253 213 203 1 
254 214 204 1 
254 214 204 1 
254 214 204 1 
253 213 203 1 
252 212 202 1 
254 211 202 1 
254 211 202 1 
254 211 202 1 
254 211 202 1 
250 210 200 1 
250 210 200 1 
250 210 200 1 
249 209 199 1 
249 209 199 1 
249 209 199 1 
249 209 199 1 
249 209 199 1 
250 210 200 1 
250 210 200 1 
250 210 200 1 
250 210 200 1 
250 210 200 1 
250 210 200 1 
250 210 200 1 
250 210 200 1 
254 210 199 1 
254 210 199 1 
253 209 198 1 
253 209 198 1 
253 209 198 1 
120 80 70 0 
121 81 71 0 
123 83 73 0 
124 84 74 0 
123 83 73 0 
121 81 71 0 
118 78 68 0 
117 77 67 0 
120 80 70 0 
120 80 70 0 
120 80 70 0 
121 81 71 0 
121 81 71 0 
122 82 72 0 
122 82 72 0 
122 82 72 0 
122 79 72 0 
124 81 74 0 
127 84 77 0 
128 85 78 0 
127 84 77 0 
126 83 76 0 
127 84 77 0 
127 84 77 0 
124 81 74 0 
126 83 76 0 
128 85 78 0 
129 86 79 0 
129 86 79 0 
129 86 79 0 
131 88 81 0 
133 90 83 0 
130 90 82 0 
129 89 81 0 
127 87 79 0 
126 86 78 0 
125 85 77 0 
125 85 77 0 
126 86 78 0 
127 87 79 0 
130 90 82 0 
132 92 84 0 
134 94 86 0 
133 93 85 0 
132 92 84 0 
132 92 84 0 
135 95 87 0 
139 99 91 0 
135 95 85 0 
135 95 85 0 
135 95 85 0 
134 94 84 0 
133 93 83 0 
132 92 82 0 
131 91 81 0 
130 90 80 0 
131 91 81 0 
131 91 81 0 
131 91 81 0 
131 91 81 0 
131 91 81 0 
131 91 81 0 
131 91 81 0 
131 91 79 0 
128 91 75 0 
128 91 75 0 
128 88 78 0 
127 87 79 0 
129 85 82 0 
128 85 79 0 
130 83 77 0 
130 84 71 0 
125 78 60 0 
229 181 158 0 
234 184 157 1 
237 187 160 1 
239 187 165 1 
240 188 167 1 
243 187 172 1 
246 193 177 1 
246 199 181 1 
244 201 182 1 
247 204 187 1 
249 206 189 1 
250 207 191 1 
250 208 194 1 
249 207 193 1 
247 207 195 1 
253 213 201 1 
254 214 204 1 
254 214 204 1 
253 215 206 1 
254 216 207 1 
254 215 208 1 
255 216 209 1 
255 218 209 1 
255 217 208 1 
254 216 207 1 
253 215 206 1 
253 215 206 1 
254 216 207 1 
255 218 209 1 
255 220 211 1 
255 221 212 1 
255 217 208 1 
254 216 207 1 
252 214 205 1 
251 213 204 1 
252 214 205 1 
254 216 207 1 
255 219 210 1 
255 220 211 1 
255 220 209 1 
255 220 209 1 
255 219 208 1 
255 218 207 1 
254 216 205 1 
253 215 204 1 
253 213 203 1 
253 213 203 1 
255 215 205 1 
254 214 204 1 
255 212 203 1 
254 211 202 1 
253 210 201 1 
252 209 200 1 
253 209 200 1 
252 208 199 1 
254 211 202 1 
254 211 202 1 
253 210 201 1 
253 210 201 1 
253 210 201 1 
252 209 200 1 
252 209 200 1 
252 209 200 1 
254 211 202 1 
255 212 203 1 
255 213 204 1 
255 213 204 1 
255 212 203 1 
255 213 204 1 
255 215 206 1 
255 217 208 1 
255 215 206 1 
255 215 205 1 
253 213 203 1 
252 212 202 1 
251 211 201 1 
251 211 201 1 
252 212 202 1 
253 213 203 1 
254 214 204 1 
253 213 203 1 
252 212 202 1 
251 211 201 1 
253 210 201 1 
253 210 201 1 
253 210 201 1 
254 211 202 1 
252 212 202 1 
251 211 201 1 
251 211 201 1 
249 209 199 1 
248 208 198 1 
247 207 197 1 
246 206 196 1 
246 206 196 1 
250 210 200 1 
250 210 200 1 
250 210 200 1 
250 210 200 1 
250 210 200 1 
250 210 200 1 
250 210 200 1 
250 210 200 1 
253 209 198 1 
252 208 197 1 
251 207 196 1 
251 207 196 1 
251 207 196 1 
123 80 71 0 
123 80 71 0 
123 80 71 0 
122 79 70 0 
122 79 70 0 
122 79 70 0 
121 78 69 0 
121 78 69 0 
125 82 73 0 
126 83 74 0 
126 83 74 0 
127 84 75 0 
127 84 75 0 
127 84 75 0 
126 83 74 0 
126 83 74 0 
126 81 75 0 
126 81 75 0 
127 82 76 0 
127 82 76 0 
127 82 76 0 
126 81 75 0 
125 80 74 0 
125 80 74 0 
125 80 74 0 
126 81 75 0 
128 83 77 0 
130 85 79 0 
131 86 80 0 
131 86 80 0 
130 85 79 0 
129 86 79 0 
126 86 78 0 
126 86 78 0 
126 86 78 0 
127 87 79 0 
127 87 79 0 
128 88 80 0 
128 88 80 0 
128 88 80 0 
131 91 83 0 
130 90 82 0 
130 90 82 0 
129 89 81 0 
129 89 81 0 
130 90 82 0 
130 90 82 0 
131 91 83 0 
130 90 82 0 
129 89 81 0 
128 88 80 0 
129 89 81 0 
131 91 83 0 
132 92 84 0 
131 91 83 0 
130 90 82 0 
129 89 81 0 
129 89 81 0 
128 88 80 0 
128 88 80 0 
127 87 79 0 
126 86 78 0 
124 84 76 0 
124 84 74 0 
123 85 72 0 
124 86 73 0 
126 86 76 0 
127 87 79 0 
130 86 83 0 
129 86 80 0 
131 84 76 0 
131 85 70 0 
130 83 63 0 
225 178 152 0 
233 184 154 0 
242 191 162 0 
241 187 161 1 
245 191 167 1 
247 190 171 1 
239 186 168 1 
244 197 177 1 
245 200 179 1 
248 203 184 1 
249 206 187 1 
250 207 190 1 
250 207 190 1 
249 206 190 1 
247 205 191 1 
254 212 198 1 
252 212 200 1 
252 212 200 1 
253 213 203 1 
253 213 205 1 
254 214 206 1 
254 214 206 1 
254 214 206 1 
255 217 209 1 
255 217 207 1 
255 217 207 1 
255 216 206 1 
255 216 206 1 
255 216 206 1 
255 216 206 1 
255 216 206 1 
255 216 206 1 
255 216 206 1 
255 216 206 1 
255 216 206 1 
255 216 206 1 
255 216 206 1 
255 216 206 1 
255 216 206 1 
255 223 212 1 
255 221 210 1 
255 219 208 1 
255 217 206 1 
255 216 206 1 
255 217 207 1 
255 218 208 1 
255 220 210 1 
255 221 212 1 
255 220 211 1 
255 217 208 1 
255 215 206 1 
255 214 205 1 
255 213 204 1 
255 214 205 1 
255 214 205 1 
255 211 200 1 
255 211 200 1 
255 211 200 1 
255 211 200 1 
255 211 200 1 
255 212 201 1 
255 212 201 1 
255 212 201 1 
255 211 200 1 
255 213 202 1 
255 214 203 1 
255 215 204 1 
255 214 203 1 
255 212 201 1 
254 210 199 1 
251 209 197 1 
254 211 202 1 
254 211 202 1 
255 212 203 1 
255 212 203 1 
255 212 203 1 
254 211 202 1 
253 210 201 1 
253 210 201 1 
251 208 199 1 
251 208 199 1 
249 209 199 1 
250 210 200 1 
250 210 200 1 
250 210 200 1 
251 211 201 1 
251 211 201 1 
251 211 201 1 
251 211 201 1 
251 211 201 1 
250 210 200 1 
250 210 200 1 
249 209 199 1 
249 209 199 1 
249 209 199 1 
252 212 202 1 
250 210 200 1 
249 209 199 1 
248 208 198 1 
247 207 197 1 
248 208 198 1 
249 209 199 1 
249 209 199 1 
255 213 202 1 
255 212 201 1 
255 211 200 1 
255 211 200 1 
254 210 199 1 
123 80 71 0 
122 79 70 0 
122 79 70 0 
122 79 70 0 
121 78 69 0 
121 78 69 0 
121 78 69 0 
120 77 68 0 
125 82 73 0 
125 82 73 0 
126 83 74 0 
126 83 74 0 
126 83 74 0 
125 82 73 0 
125 82 73 0 
124 81 72 0 
128 83 77 0 
128 83 77 0 
128 83 77 0 
127 82 76 0 
127 82 76 0 
127 82 76 0 
127 82 76 0 
127 82 76 0 
126 81 75 0 
127 82 76 0 
128 83 77 0 
129 84 78 0 
130 85 79 0 
131 86 80 0 
131 86 80 0 
130 87 80 0 
130 87 80 0 
128 88 80 0 
127 87 79 0 
127 87 79 0 
127 87 79 0 
127 87 79 0 
127 87 79 0 
127 87 79 0 
129 89 81 0 
129 89 81 0 
128 88 80 0 
128 88 80 0 
128 88 80 0 
128 88 80 0 
129 89 81 0 
129 89 81 0 
129 89 81 0 
127 87 79 0 
126 86 78 0 
127 87 79 0 
129 89 81 0 
130 90 82 0 
130 90 82 0 
128 88 80 0 
128 88 80 0 
129 89 81 0 
130 90 82 0 
130 90 82 0 
129 89 81 0 
127 87 79 0 
125 85 77 0 
124 84 74 0 
127 89 76 0 
126 88 75 0 
125 85 77 0 
124 83 77 0 
125 81 78 0 
125 82 76 0 
129 82 74 0 
130 82 68 0 
130 82 60 0 
228 178 151 0 
235 184 153 0 
244 191 159 0 
240 187 156 0 
246 190 163 1 
250 194 171 1 
246 191 170 1 
245 197 174 1 
246 200 176 1 
250 204 181 1 
253 207 184 1 
254 209 188 1 
254 209 188 1 
254 208 192 1 
252 209 192 1 
255 212 196 1 
254 212 198 1 
254 212 198 1 
253 213 201 1 
253 213 203 1 
254 214 206 1 
254 214 206 1 
254 214 206 1 
252 212 202 1 
252 212 202 1 
252 212 202 1 
252 212 202 1 
253 213 203 1 
253 213 203 1 
253 213 203 1 
253 213 203 1 
254 214 204 1 
254 214 204 1 
254 214 204 1 
254 214 204 1 
255 215 205 1 
255 215 205 1 
255 215 205 1 
255 215 205 1 
255 219 208 1 
255 218 207 1 
254 216 205 1 
253 215 204 1 
254 214 204 1 
254 214 204 1 
255 215 205 1 
255 216 206 1 
255 212 203 1 
254 211 202 1 
254 210 201 1 
252 208 199 1 
251 207 198 1 
251 207 198 1 
250 206 197 1 
250 206 197 1 
250 206 195 1 
249 205 194 1 
249 205 194 1 
249 205 194 1 
250 206 195 1 
253 209 198 1 
255 211 200 1 
255 213 202 1 
255 215 204 1 
255 216 205 1 
255 216 205 1 
255 215 204 1 
255 214 203 1 
255 212 201 1 
253 209 198 1 
252 208 197 1 
252 208 199 1 
252 209 200 1 
254 210 201 1 
254 211 202 1 
255 212 203 1 
255 212 203 1 
254 211 202 1 
254 211 202 1 
252 209 200 1 
252 209 200 1 
250 210 200 1 
251 211 201 1 
252 212 202 1 
252 212 202 1 
253 213 203 1 
253 213 203 1 
251 211 201 1 
251 211 201 1 
251 211 201 1 
250 210 200 1 
250 210 200 1 
250 210 200 1 
249 209 199 1 
249 209 199 1 
253 213 203 1 
252 212 202 1 
250 210 200 1 
249 209 199 1 
249 209 199 1 
249 209 199 1 
250 210 200 1 
251 211 201 1 
255 212 201 1 
255 212 201 1 
255 211 200 1 
254 210 199 1 
253 209 198 1 
122 79 70 0 
121 78 69 0 
121 78 69 0 
121 78 69 0 
120 77 68 0 
120 77 68 0 
120 77 68 0 
119 76 67 0 
125 82 73 0 
125 82 73 0 
125 82 73 0 
125 82 73 0 
125 82 73 0 
124 81 72 0 
123 80 71 0 
122 79 70 0 
128 83 77 0 
127 82 76 0 
126 81 75 0 
125 80 74 0 
125 80 74 0 
126 81 75 0 
127 82 76 0 
128 83 77 0 
128 83 77 0 
128 83 77 0 
128 83 77 0 
128 83 77 0 
129 84 78 0 
130 85 79 0 
131 86 80 0 
131 88 81 0 
131 88 81 0 
129 89 81 0 
129 89 81 0 
128 88 80 0 
127 87 79 0 
126 86 78 0 
126 86 78 0 
125 85 77 0 
131 91 83 0 
130 90 82 0 
129 89 81 0 
129 89 81 0 
129 89 81 0 
129 89 81 0 
130 90 82 0 
131 91 83 0 
129 88 82 0 
128 87 81 0 
127 86 80 0 
128 87 81 0 
130 89 83 0 
131 90 84 0 
131 90 84 0 
129 88 82 0 
128 87 81 0 
129 88 82 0 
131 90 84 0 
132 91 85 0 
131 90 84 0 
129 88 82 0 
126 85 79 0 
125 85 77 0 
131 93 82 0 
127 91 77 0 
124 86 77 0 
121 80 74 0 
122 78 75 0 
122 79 73 0 
126 79 69 0 
128 81 65 0 
133 85 62 0 
231 182 150 0 
238 188 153 0 
245 193 156 0 
240 186 150 0 
247 191 158 0 
254 197 168 0 
253 197 170 0 
243 192 163 0 
244 195 165 0 
247 197 170 1 
250 200 175 1 
250 202 179 1 
251 203 180 1 
250 203 183 1 
249 204 185 1 
255 211 195 1 
255 212 196 1 
255 211 198 1 
254 212 200 1 
255 212 203 1 
255 212 203 1 
253 213 205 1 
253 213 205 1 
252 212 202 1 
253 213 203 1 
253 213 203 1 
254 214 204 1 
255 215 205 1 
255 215 205 1 
255 216 206 1 
255 216 206 1 
251 211 201 1 
252 212 202 1 
252 212 202 1 
253 213 203 1 
253 213 203 1 
254 214 204 1 
254 214 204 1 
254 214 204 1 
255 215 205 1 
255 215 205 1 
255 215 205 1 
254 214 204 1 
254 214 204 1 
254 214 204 1 
255 212 203 1 
255 212 203 1 
255 217 208 1 
255 217 208 1 
255 217 208 1 
255 217 208 1 
255 216 208 1 
255 215 207 1 
255 214 206 1 
255 213 205 1 
254 210 199 1 
252 208 197 1 
251 207 196 1 
250 206 195 1 
251 207 196 1 
253 209 198 1 
255 212 201 1 
255 214 203 1 
254 210 199 1 
254 210 199 1 
252 208 197 1 
251 207 196 1 
249 205 194 1 
247 203 192 1 
245 201 190 1 
244 200 189 1 
244 200 191 1 
245 201 192 1 
249 202 194 1 
248 204 195 1 
250 206 197 1 
250 206 197 1 
251 207 198 1 
251 207 198 1 
252 209 200 1 
252 209 200 1 
251 211 201 1 
252 212 202 1 
253 213 203 1 
254 214 204 1 
254 214 204 1 
255 215 205 1 
251 211 201 1 
251 211 201 1 
251 211 201 1 
251 211 201 1 
250 210 200 1 
250 210 200 1 
250 210 200 1 
249 209 199 1 
254 214 204 1 
253 213 203 1 
252 212 202 1 
251 211 201 1 
251 211 201 1 
251 211 201 1 
251 211 201 1 
251 211 201 1 
255 211 200 1 
255 211 200 1 
254 210 199 1 
253 209 198 1 
253 209 198 1 
121 78 69 0 
121 78 69 0 
120 77 68 0 
120 77 68 0 
120 77 68 0 
119 76 67 0 
119 76 67 0 
119 76 67 0 
124 81 72 0 
124 81 72 0 
124 81 72 0 
124 81 72 0 
124 81 72 0 
122 79 70 0 
121 78 69 0 
120 77 68 0 
125 80 74 0 
123 78 72 0 
121 76 70 0 
120 75 69 0 
121 76 70 0 
122 77 71 0 
125 80 74 0 
126 81 75 0 
129 84 78 0 
129 84 78 0 
128 83 77 0 
127 82 76 0 
128 83 77 0 
129 84 78 0 
131 86 80 0 
132 87 81 0 
130 87 80 0 
128 88 80 0 
128 88 80 0 
128 88 80 0 
128 88 80 0 
128 88 80 0 
127 87 79 0 
127 87 79 0 
134 94 86 0 
133 93 85 0 
133 93 85 0 
132 92 84 0 
132 92 84 0 
133 93 85 0 
133 93 85 0 
134 94 86 0 
132 91 85 0 
131 90 84 0 
130 89 83 0 
131 90 84 0 
133 92 86 0 
134 93 87 0 
133 92 86 0 
132 91 85 0 
128 87 81 0 
130 89 83 0 
132 91 85 0 
133 92 86 0 
133 92 86 0 
130 89 83 0 
128 87 81 0 
125 87 78 0 
130 92 81 0 
127 91 79 0 
125 86 79 0 
122 83 76 0 
123 79 76 0 
124 79 73 0 
127 81 68 0 
128 81 63 0 
130 83 55 0 
228 178 143 0 
234 182 143 0 
238 185 143 0 
232 177 136 0 
237 182 143 0 
248 189 155 0 
248 192 159 1 
251 197 163 1 
251 198 166 1 
253 200 168 1 
255 202 171 1 
254 203 174 1 
254 204 177 1 
252 204 181 1 
251 205 182 1 
255 211 193 1 
255 211 195 1 
255 211 196 1 
255 211 198 1 
254 212 200 1 
254 211 202 1 
252 212 204 1 
253 213 205 1 
254 214 204 1 
254 214 204 1 
254 214 204 1 
254 214 204 1 
254 214 204 1 
255 215 205 1 
255 215 205 1 
255 215 205 1 
251 211 201 1 
251 211 201 1 
252 212 202 1 
252 212 202 1 
253 213 203 1 
254 214 204 1 
254 214 204 1 
255 215 205 1 
255 215 205 1 
255 215 205 1 
255 216 206 1 
255 216 206 1 
255 216 206 1 
255 215 205 1 
255 213 204 1 
255 212 203 1 
253 209 200 1 
254 210 201 1 
255 211 202 1 
255 212 203 1 
255 211 203 1 
255 210 202 1 
255 208 200 1 
254 207 199 1 
255 212 201 1 
255 212 201 1 
255 211 200 1 
253 209 198 1 
252 208 197 1 
252 208 197 1 
252 208 197 1 
251 207 196 1 
249 205 194 1 
248 204 193 1 
246 202 191 1 
244 200 189 1 
243 199 188 1 
242 198 187 1 
242 198 187 1 
242 198 187 1 
245 198 190 1 
246 199 191 1 
248 201 193 1 
249 202 194 1 
250 203 195 1 
248 204 195 1 
248 204 195 1 
248 204 195 1 
251 208 199 1 
251 208 199 1 
250 210 200 1 
251 211 201 1 
252 212 202 1 
253 213 203 1 
254 214 204 1 
255 215 205 1 
252 212 202 1 
252 212 202 1 
251 211 201 1 
251 211 201 1 
251 211 201 1 
250 210 200 1 
250 210 200 1 
250 210 200 1 
253 213 203 1 
252 212 202 1 
252 212 202 1 
251 211 201 1 
251 211 201 1 
251 211 201 1 
251 211 201 1 
251 211 201 1 
254 210 199 1 
254 210 199 1 
253 209 198 1 
253 209 198 1 
252 208 197 1 
122 78 69 1 
122 78 69 0 
121 77 68 0 
121 77 68 0 
121 77 68 0 
120 76 67 0 
120 76 67 0 
120 76 67 0 
124 80 71 0 
124 80 71 0 
125 81 72 0 
125 81 72 0 
124 80 71 0 
123 79 70 0 
122 78 69 0 
122 78 69 0 
126 79 73 0 
124 77 71 0 
123 76 70 0 
122 75 69 0 
122 75 69 0 
124 77 71 0 
127 80 74 0 
128 81 75 0 
132 85 79 0 
131 84 78 0 
130 83 77 0 
129 82 76 0 
129 82 76 0 
131 84 78 0 
132 85 79 0 
131 86 80 0 
128 85 78 0 
126 86 78 0 
127 87 79 0 
128 88 80 0 
129 89 81 0 
130 90 82 0 
130 90 82 0 
131 91 83 0 
134 94 86 0 
134 94 86 0 
133 93 85 0 
133 93 85 0 
133 93 85 0 
133 93 85 0 
134 94 86 0 
134 94 86 0 
132 91 85 0 
131 90 84 0 
130 89 83 0 
131 90 84 0 
133 92 86 0 
134 93 87 0 
133 92 86 0 
132 91 85 0 
129 88 82 0 
130 89 83 0 
132 91 85 0 
133 92 86 0 
132 91 85 0 
131 90 84 0 
129 88 82 0 
126 87 80 0 
125 87 78 0 
124 87 78 0 
126 87 80 0 
126 87 82 0 
128 85 79 0 
128 83 77 0 
129 83 70 0 
130 83 63 0 
125 78 48 0 
220 171 131 0 
223 172 129 0 
225 173 126 0 
218 164 118 0 
225 168 123 0 
234 175 135 0 
234 176 138 0 
223 165 127 0 
224 166 129 0 
222 166 129 0 
222 166 131 0 
220 165 134 0 
218 165 134 0 
216 165 138 0 
214 164 139 0 
255 211 189 0 
255 211 193 0 
255 211 195 1 
255 211 198 1 
254 212 200 1 
254 211 202 1 
252 212 204 1 
251 211 203 1 
253 210 201 1 
253 211 199 1 
252 210 198 1 
252 210 198 1 
251 209 197 1 
251 209 197 1 
250 208 196 1 
250 208 196 1 
254 212 200 1 
254 212 200 1 
255 213 201 1 
255 213 201 1 
255 214 202 1 
255 214 202 1 
255 214 202 1 
255 215 203 1 
253 213 203 1 
254 214 204 1 
254 214 204 1 
254 214 204 1 
255 213 204 1 
255 212 203 1 
254 211 202 1 
253 210 201 1 
249 205 196 1 
250 206 197 1 
254 207 199 1 
255 208 200 1 
254 207 199 1 
253 206 198 1 
252 205 197 1 
251 204 196 1 
251 204 194 1 
252 206 193 1 
253 207 194 1 
253 207 194 1 
252 206 193 1 
250 204 191 1 
248 202 189 1 
246 200 187 1 
254 208 195 1 
253 207 194 1 
252 206 193 1 
252 206 193 1 
251 205 192 1 
252 206 193 1 
252 206 193 1 
253 206 196 1 
255 206 199 1 
255 207 200 1 
255 207 200 1 
255 209 201 1 
255 209 201 1 
255 208 200 1 
252 208 199 1 
252 208 199 1 
250 207 198 1 
250 207 198 1 
249 209 199 1 
250 210 200 1 
251 211 201 1 
252 212 202 1 
251 213 202 1 
252 214 203 1 
252 212 202 1 
252 212 202 1 
252 212 202 1 
251 211 201 1 
251 211 201 1 
251 211 201 1 
250 210 200 1 
250 210 200 1 
251 211 201 1 
251 211 201 1 
251 211 201 1 
251 211 201 1 
251 211 201 1 
250 210 200 1 
250 210 200 1 
249 209 199 1 
254 210 199 1 
254 210 199 1 
253 209 198 1 
253 209 198 1 
253 209 198 1 
123 79 70 0 
122 78 69 0 
122 78 69 0 
122 78 69 0 
121 77 68 0 
121 77 68 0 
121 77 68 0 
120 76 67 0 
123 79 70 0 
123 79 70 0 
124 80 71 0 
125 81 72 0 
125 81 72 0 
124 80 71 0 
124 80 71 0 
123 79 70 0 
127 80 74 0 
126 79 73 0 
125 78 72 0 
125 78 72 0 
126 79 73 0 
127 80 74 0 
129 82 76 0 
130 83 77 0 
131 84 78 0 
131 84 78 0 
131 84 78 0 
130 83 77 0 
130 83 77 0 
131 84 78 0 
131 84 78 0 
130 85 79 0 
127 84 77 0 
125 85 77 0 
126 86 78 0 
128 88 80 0 
129 89 81 0 
131 91 83 0 
132 92 84 0 
133 93 85 0 
132 92 84 0 
131 91 83 0 
131 91 83 0 
130 90 82 0 
130 90 82 0 
131 91 83 0 
131 91 83 0 
132 92 84 0 
129 88 82 0 
128 87 81 0 
127 86 80 0 
128 87 81 0 
130 89 83 0 
131 90 84 0 
131 90 84 0 
129 88 82 0 
130 89 83 0 
130 89 83 0 
130 89 83 0 
131 90 84 0 
131 90 84 0 
130 89 83 0 
130 89 83 0 
128 89 82 0 
122 84 75 0 
122 85 76 0 
125 86 81 0 
127 88 83 0 
130 87 81 0 
131 87 78 0 
132 86 71 0 
133 85 63 0 
129 80 47 0 
220 171 130 0 
220 169 122 0 
222 169 119 0 
218 162 111 0 
224 168 119 0 
230 172 126 0 
228 169 125 0 
235 173 132 0 
232 173 131 0 
231 172 132 0 
229 171 133 0 
225 169 134 0 
223 169 135 0 
221 168 137 0 
219 168 141 0 
255 211 188 0 
255 211 191 1 
255 211 195 1 
255 211 198 1 
254 210 199 1 
253 210 201 1 
251 211 203 1 
251 211 201 1 
253 210 201 1 
253 211 199 1 
252 210 198 1 
252 210 198 1 
252 210 198 1 
251 209 197 1 
251 209 197 1 
251 209 197 1 
255 213 201 1 
255 213 201 1 
255 213 201 1 
255 213 201 1 
255 213 201 1 
255 213 201 1 
255 213 201 1 
255 213 201 1 
251 211 201 1 
250 210 200 1 
250 210 200 1 
250 210 200 1 
251 208 199 1 
251 208 199 1 
251 208 199 1 
251 208 199 1 
253 209 200 1 
253 209 200 1 
255 208 200 1 
255 208 200 1 
254 207 199 1 
253 206 198 1 
252 205 197 1 
252 205 195 1 
246 199 189 1 
248 202 189 1 
250 204 191 1 
253 207 194 1 
254 208 195 1 
253 207 194 1 
252 206 193 1 
251 205 192 1 
255 209 196 1 
255 209 196 1 
255 210 197 1 
255 210 197 1 
255 210 197 1 
255 211 198 1 
255 211 198 1 
255 211 198 1 
255 208 201 1 
255 209 202 1 
255 209 202 1 
255 209 202 1 
255 209 201 1 
255 209 201 1 
253 209 200 1 
252 208 199 1 
251 208 199 1 
251 208 199 1 
249 209 199 1 
250 210 200 1 
250 210 200 1 
250 210 200 1 
250 212 201 1 
250 212 201 1 
253 213 203 1 
252 212 202 1 
252 212 202 1 
252 212 202 1 
251 211 201 1 
251 211 201 1 
251 211 201 1 
251 211 201 1 
251 211 201 1 
251 211 201 1 
251 211 201 1 
251 211 201 1 
251 211 201 1 
250 210 200 1 
249 209 199 1 
248 208 198 1 
254 210 199 1 
254 210 199 1 
254 210 199 1 
254 210 199 1 
254 210 199 1 
124 80 71 0 
123 79 70 0 
123 79 70 0 
123 79 70 0 
122 78 69 0 
122 78 69 0 
122 78 69 0 
121 77 68 0 
122 78 69 0 
123 79 70 0 
124 80 71 0 
125 81 72 0 
126 82 73 0 
126 82 73 0 
126 82 73 0 
126 82 73 0 
126 79 73 0 
126 79 73 0 
126 79 73 0 
127 80 74 0 
128 81 75 0 
129 82 76 0 
130 83 77 0 
130 83 77 0 
130 83 77 0 
131 84 78 0 
131 84 78 0 
132 85 79 0 
132 85 79 0 
131 84 78 0 
131 84 78 0 
128 83 77 0 
128 85 78 0 
127 87 79 0 
127 87 79 0 
128 88 80 0 
129 89 81 0 
130 90 82 0 
131 91 83 0 
132 92 84 0 
131 91 83 0 
131 91 83 0 
130 90 82 0 
129 89 81 0 
129 89 81 0 
130 90 82 0 
131 91 83 0 
131 91 83 0 
129 88 82 0 
127 86 80 0 
126 85 79 0 
127 86 80 0 
129 88 82 0 
130 89 83 0 
130 89 83 0 
128 87 81 0 
130 89 83 0 
130 89 83 0 
129 88 82 0 
128 87 81 0 
128 87 81 0 
129 88 82 0 
130 89 83 0 
130 91 84 0 
123 85 76 0 
122 85 76 0 
123 84 79 0 
124 85 80 0 
127 84 78 0 
129 85 76 0 
131 85 69 0 
134 86 63 0 
133 85 49 0 
221 172 129 0 
219 169 118 0 
223 170 116 0 
223 168 112 0 
231 174 121 0 
235 175 125 0 
230 169 122 0 
234 171 127 0 
233 170 126 0 
232 169 126 0 
229 167 126 0 
226 166 129 0 
224 165 131 0 
221 166 135 0 
220 166 138 0 
255 211 186 1 
255 211 189 1 
255 211 193 1 
254 211 195 1 
254 210 199 1 
252 209 200 1 
250 210 202 1 
250 210 200 1 
251 208 199 1 
251 209 197 1 
252 210 198 1 
253 211 199 1 
254 212 200 1 
255 213 201 1 
255 214 202 1 
255 214 202 1 
255 213 201 1 
255 213 201 1 
255 213 201 1 
254 212 200 1 
253 211 199 1 
252 210 198 1 
252 210 198 1 
252 210 198 1 
251 211 201 1 
250 210 200 1 
250 207 198 1 
249 206 197 1 
249 206 197 1 
249 206 197 1 
251 207 198 1 
252 208 199 1 
247 203 194 1 
246 202 193 1 
246 199 191 1 
245 198 190 1 
244 197 189 1 
243 196 188 1 
243 196 188 1 
243 196 186 1 
250 203 193 1 
250 204 191 1 
250 204 191 1 
251 205 192 1 
252 206 193 1 
254 208 195 1 
255 210 197 1 
255 211 198 1 
253 207 194 1 
254 208 195 1 
255 209 196 1 
255 210 197 1 
255 209 196 1 
254 208 195 1 
253 207 194 1 
252 206 193 1 
253 204 197 1 
254 204 197 1 
254 205 198 1 
255 206 199 1 
254 207 199 1 
254 207 199 1 
252 208 199 1 
251 207 198 1 
254 211 202 1 
253 210 201 1 
251 211 201 1 
251 211 201 1 
251 211 201 1 
250 210 200 1 
249 211 200 1 
249 211 200 1 
253 213 203 1 
253 213 203 1 
252 212 202 1 
252 212 202 1 
252 212 202 1 
251 211 201 1 
251 211 201 1 
251 211 201 1 
251 211 201 1 
252 212 202 1 
253 213 203 1 
253 213 203 1 
253 213 203 1 
252 212 202 1 
250 210 200 1 
249 209 199 1 
255 211 200 1 
255 211 200 1 
255 211 200 1 
255 211 200 1 
255 211 200 1 
124 80 71 0 
123 80 71 0 
124 80 71 0 
122 79 70 0 
123 79 70 0 
122 79 70 0 
122 78 69 0 
121 78 69 0 
121 77 68 0 
121 78 69 0 
124 80 71 0 
124 81 72 0 
127 83 74 0 
126 83 74 0 
127 83 74 0 
127 83 74 0 
121 76 70 0 
124 77 71 0 
125 78 72 0 
126 79 73 0 
127 80 74 0 
128 81 75 0 
128 81 75 0 
128 81 75 0 
130 83 77 0 
131 84 78 0 
132 85 79 0 
133 86 80 0 
133 86 80 0 
131 84 78 0 
130 83 77 0 
127 82 76 0 
130 87 80 0 
128 88 80 0 
129 89 81 0 
129 89 81 0 
129 89 81 0 
129 89 81 0 
130 90 82 0 
130 90 82 0 
133 93 85 0 
132 92 84 0 
132 92 84 0 
131 91 83 0 
131 91 83 0 
132 92 84 0 
132 92 84 0 
133 93 85 0 
130 89 83 0 
129 88 82 0 
128 87 81 0 
129 88 82 0 
131 90 84 0 
132 91 85 0 
131 90 84 0 
130 89 83 0 
131 90 84 0 
130 89 83 0 
128 87 81 0 
126 85 79 0 
126 85 79 0 
128 87 81 0 
130 89 83 0 
132 92 84 0 
126 88 79 0 
124 86 77 0 
122 83 76 0 
120 81 76 0 
121 80 74 0 
125 82 73 0 
128 85 68 0 
133 87 63 0 
129 81 45 0 
217 166 123 0 
215 162 112 0 
221 166 110 0 
224 165 109 0 
232 173 117 0 
233 173 119 0 
227 165 114 0 
237 175 124 0 
236 174 125 0 
235 173 126 0 
233 172 128 0 
230 171 129 0 
229 171 133 0 
227 173 137 0 
226 173 142 1 
255 211 184 1 
255 211 189 1 
255 211 193 1 
255 210 195 1 
254 210 199 1 
252 209 200 1 
252 209 202 1 
250 210 202 1 
244 201 192 1 
245 203 191 1 
246 203 194 1 
249 207 195 1 
251 208 199 1 
253 211 199 1 
255 212 203 1 
255 214 202 1 
255 212 203 1 
255 211 200 1 
255 211 202 1 
253 209 198 1 
252 208 199 1 
251 207 196 1 
250 206 197 1 
250 206 197 1 
255 213 204 1 
254 211 202 1 
252 209 200 1 
250 207 198 1 
250 206 197 1 
251 207 198 1 
253 209 200 1 
254 210 201 1 
255 213 204 1 
255 211 202 1 
255 208 200 1 
253 206 198 1 
251 204 196 1 
251 204 196 1 
251 204 196 1 
252 205 197 1 
254 206 194 1 
251 203 191 1 
247 199 187 1 
245 197 185 1 
245 197 185 1 
248 200 186 1 
252 204 192 1 
254 208 193 1 
254 208 195 1 
255 209 194 1 
255 211 196 1 
255 211 196 1 
255 210 195 1 
254 208 193 1 
251 205 190 1 
249 203 190 1 
254 204 195 1 
255 205 198 1 
255 206 199 1 
255 208 201 1 
255 209 202 1 
255 210 200 1 
255 210 202 1 
255 210 200 1 
255 212 202 1 
255 213 202 1 
255 212 201 1 
255 211 200 1 
255 211 200 1 
254 210 199 1 
253 209 198 1 
252 210 198 1 
255 212 203 1 
253 213 203 1 
255 212 203 1 
252 212 202 1 
254 211 202 1 
251 211 201 1 
253 210 201 1 
251 211 201 1 
255 212 203 1 
253 213 203 1 
255 213 204 1 
255 215 205 1 
255 213 204 1 
253 213 203 1 
254 211 202 1 
252 209 200 1 
255 211 201 1 
255 212 199 1 
255 211 201 1 
255 212 199 1 
255 211 201 1 
125 82 75 1 
122 82 74 1 
124 81 74 0 
121 81 73 0 
123 80 73 0 
120 80 72 0 
122 79 72 0 
119 79 71 0 
120 77 70 0 
119 79 71 0 
123 80 73 0 
122 82 74 0 
125 82 75 0 
124 84 76 0 
126 83 76 0 
126 83 76 0 
124 79 74 0 
124 79 74 0 
125 80 75 0 
125 80 75 0 
125 80 75 0 
125 80 75 0 
125 80 75 0 
125 80 75 0 
126 81 76 0 
126 81 76 0 
126 81 76 0 
127 82 77 0 
127 82 77 0 
127 82 77 0 
128 83 78 0 
127 84 78 0 
124 84 76 0 
123 85 76 0 
124 86 77 0 
125 87 78 0 
126 88 79 0 
127 89 80 0 
128 90 81 0 
128 90 81 0 
129 91 82 0 
131 93 84 0 
133 95 86 0 
132 94 85 0 
129 91 82 0 
129 91 82 0 
132 94 85 0 
135 97 88 0 
130 92 83 0 
130 92 83 0 
129 91 82 0 
128 90 81 0 
129 91 82 0 
130 92 83 0 
132 94 85 0 
133 95 86 0 
132 94 85 0 
132 94 85 0 
133 95 86 0 
133 95 86 0 
132 94 85 0 
131 93 84 0 
129 91 82 0 
128 88 80 0 
126 83 76 0 
127 84 77 0 
125 84 78 0 
125 86 81 0 
124 87 81 0 
124 86 77 0 
127 85 69 0 
129 84 61 0 
130 80 47 0 
219 164 123 0 
226 165 118 0 
237 174 121 0 
232 169 115 0 
230 168 111 0 
233 170 116 0 
235 174 119 0 
237 176 121 0 
234 174 120 0 
232 172 120 0 
230 172 122 0 
230 174 127 0 
229 175 131 1 
227 173 135 1 
225 172 138 1 
255 206 177 1 
255 207 184 1 
255 208 188 1 
255 210 194 1 
255 211 198 1 
254 211 202 1 
254 211 204 1 
253 210 203 1 
252 207 201 1 
255 211 202 1 
255 214 208 1 
255 214 205 1 
255 211 205 1 
255 211 202 1 
255 212 206 1 
255 215 206 1 
255 210 204 1 
255 211 203 1 
255 212 206 1 
255 211 203 1 
255 209 203 1 
255 209 201 1 
255 210 205 1 
255 212 207 1 
255 208 202 1 
254 209 203 1 
255 210 204 1 
253 208 202 1 
253 206 200 1 
252 205 199 1 
254 207 201 1 
255 209 203 1 
255 208 202 1 
255 208 202 1 
252 205 199 1 
249 202 196 1 
248 201 195 1 
250 203 197 1 
255 209 203 1 
255 213 206 1 
255 205 194 1 
254 205 191 1 
253 204 190 1 
254 205 191 1 
254 205 191 1 
253 204 189 1 
251 202 188 1 
249 202 186 1 
250 202 188 1 
247 200 184 1 
244 197 181 1 
243 196 180 1 
245 199 183 1 
249 203 187 1 
251 205 189 1 
253 207 192 1 
253 203 192 1 
248 198 189 1 
255 211 202 1 
253 203 194 1 
248 198 189 1 
255 211 200 1 
255 206 198 1 
254 202 191 1 
255 205 194 1 
255 205 194 1 
255 205 194 1 
255 205 194 1 
255 207 194 1 
255 208 195 1 
255 210 197 1 
255 210 199 1 
253 206 196 1 
254 211 202 1 
254 210 201 1 
249 206 197 1 
251 207 198 1 
255 213 204 1 
255 215 206 1 
255 212 203 1 
253 209 200 1 
255 212 203 1 
255 212 203 1 
252 209 200 1 
253 209 200 1 
255 212 203 1 
255 212 203 1 
255 208 198 1 
255 207 196 1 
255 209 196 1 
255 210 199 1 
255 210 197 1 
255 208 197 0 
122 82 74 0 
122 82 74 0 
121 81 73 0 
121 81 73 0 
121 81 73 0 
121 81 73 0 
121 81 73 0 
120 80 72 0 
120 80 72 0 
121 81 73 0 
122 82 74 0 
123 83 75 0 
124 84 76 0 
124 84 76 0 
124 84 76 0 
124 84 76 0 
128 83 78 0 
127 82 77 0 
126 81 76 0 
125 80 75 0 
124 79 74 0 
124 79 74 0 
124 79 74 0 
124 79 74 0 
127 82 77 0 
127 82 77 0 
127 82 77 0 
127 82 77 0 
128 83 78 0 
128 83 78 0 
129 84 79 0 
128 85 79 0 
128 88 80 0 
127 89 80 0 
127 89 80 0 
128 90 81 0 
129 91 82 0 
129 91 82 0 
130 92 83 0 
130 92 83 0 
130 92 83 0 
132 94 85 0 
133 95 86 0 
131 93 84 0 
128 90 81 0 
128 90 81 0 
129 91 82 0 
132 94 85 0 
127 89 80 0 
127 89 80 0 
127 89 80 0 
127 89 80 0 
127 89 80 0 
128 90 81 0 
129 91 82 0 
130 92 83 0 
131 93 84 0 
132 94 85 0 
133 95 86 0 
133 95 86 0 
132 94 85 0 
130 92 83 0 
128 90 81 0 
128 88 80 0 
131 87 78 0 
131 87 78 0 
129 88 82 0 
127 90 84 0 
126 89 83 0 
125 88 79 0 
126 87 72 0 
131 86 63 0 
131 80 49 0 
221 163 125 0 
225 163 116 0 
237 171 119 0 
234 167 114 0 
231 166 110 0 
233 168 112 0 
232 170 113 0 
232 171 114 0 
229 170 112 0 
228 169 113 0 
227 170 117 0 
228 172 123 0 
226 172 126 0 
224 171 129 0 
222 170 133 0 
255 211 180 0 
255 210 183 1 
255 210 188 1 
255 209 191 1 
255 209 194 1 
253 209 198 1 
253 209 200 1 
253 209 200 1 
254 210 199 1 
255 212 201 1 
255 213 202 1 
255 212 201 1 
254 210 199 1 
254 207 197 1 
254 207 197 1 
254 207 197 1 
255 210 200 1 
255 208 198 1 
254 206 196 1 
254 206 196 1 
255 206 197 1 
255 206 197 1 
255 205 196 1 
254 204 195 1 
255 212 202 1 
255 211 201 1 
255 210 200 1 
255 209 199 1 
255 209 199 1 
255 210 200 1 
255 209 199 1 
255 209 199 1 
249 201 191 1 
250 203 193 1 
254 206 196 1 
254 207 197 1 
255 207 197 1 
254 207 197 1 
254 206 196 1 
254 206 194 1 
255 209 196 1 
255 208 194 1 
255 208 195 1 
255 209 195 1 
255 209 195 1 
255 209 192 1 
255 206 192 1 
255 206 189 1 
255 210 195 1 
255 208 190 1 
252 205 187 1 
251 204 186 1 
251 204 186 1 
249 204 185 1 
249 202 184 1 
247 200 184 1 
255 214 203 1 
240 187 179 1 
248 195 187 1 
255 204 193 1 
255 207 196 1 
255 213 202 1 
255 207 197 1 
255 211 199 1 
255 212 200 1 
255 210 199 1 
255 209 198 1 
255 210 197 1 
255 210 197 1 
255 209 197 1 
255 209 197 1 
255 211 198 1 
255 205 194 1 
255 211 198 1 
255 210 200 1 
253 207 194 1 
254 206 196 1 
255 212 199 1 
255 211 201 1 
255 209 196 1 
255 209 199 1 
255 213 200 1 
255 212 202 1 
255 209 196 1 
255 208 198 1 
255 211 198 1 
255 210 200 1 
255 207 195 0 
255 205 192 0 
255 205 193 0 
255 207 195 0 
255 206 194 0 
255 205 192 0 
121 81 73 0 
121 81 73 0 
121 81 73 0 
121 81 73 0 
122 82 74 0 
122 82 74 0 
122 82 74 0 
122 82 74 0 
123 83 75 0 
123 83 75 0 
124 84 76 0 
125 85 77 0 
125 85 77 0 
124 84 76 0 
124 84 76 0 
123 83 75 0 
131 86 81 0 
129 84 79 0 
127 82 77 0 
125 80 75 0 
124 79 74 0 
124 79 74 0 
124 79 74 0 
125 80 75 0 
128 83 78 0 
128 83 78 0 
128 83 78 0 
129 84 79 0 
129 84 79 0 
129 84 79 0 
130 85 80 0 
129 86 80 0 
132 92 84 0 
131 93 84 0 
131 93 84 0 
131 93 84 0 
131 93 84 0 
131 93 84 0 
131 93 84 0 
132 94 85 0 
131 93 84 0 
132 94 85 0 
132 94 85 0 
130 92 83 0 
128 90 81 0 
126 88 79 0 
126 88 79 0 
127 89 80 0 
126 88 79 0 
126 88 79 0 
127 89 80 0 
128 90 81 0 
128 90 81 0 
128 90 81 0 
128 90 81 0 
128 90 81 0 
131 93 84 0 
131 93 84 0 
132 94 85 0 
132 94 85 0 
131 93 84 0 
130 92 83 0 
128 90 81 0 
127 87 79 0 
133 89 80 0 
133 89 80 0 
129 88 82 0 
127 90 82 0 
126 89 83 0 
124 87 78 0 
125 86 71 0 
129 84 61 0 
132 81 50 0 
219 161 123 0 
221 159 112 0 
234 168 116 0 
233 166 113 0 
231 166 110 0 
231 166 112 0 
228 165 111 0 
228 167 110 0 
227 168 110 0 
227 168 112 0 
228 171 116 0 
229 173 122 0 
227 173 126 0 
225 172 128 0 
222 170 131 0 
255 221 186 1 
255 220 190 1 
255 218 192 1 
255 216 193 1 
255 213 195 1 
255 213 198 1 
255 212 199 1 
255 212 197 1 
255 217 201 1 
255 216 197 1 
255 215 196 1 
255 214 195 1 
255 213 194 1 
255 210 192 1 
254 207 189 1 
252 205 187 1 
255 210 192 1 
255 206 189 1 
253 204 187 1 
253 204 187 1 
255 207 190 1 
255 209 192 1 
255 208 191 1 
255 206 189 1 
255 209 192 1 
255 208 190 1 
255 206 189 1 
254 207 189 1 
255 207 190 1 
255 208 190 1 
255 206 189 1 
253 206 188 1 
255 208 191 1 
255 209 191 1 
255 209 192 1 
255 210 192 1 
255 210 193 1 
255 209 191 1 
254 205 188 1 
251 202 185 1 
254 201 185 1 
255 202 186 1 
255 202 188 1 
254 201 185 1 
253 200 184 1 
251 200 181 1 
250 199 182 1 
249 198 179 1 
253 202 185 1 
250 202 182 1 
251 203 183 1 
252 204 184 1 
254 206 186 1 
253 206 186 1 
252 204 184 1 
250 201 184 1 
239 187 174 1 
175 121 111 0 
146 92 82 0 
140 86 74 0 
134 80 68 0 
130 76 64 0 
132 75 64 0 
152 96 83 0 
141 85 72 0 
141 83 71 0 
139 81 69 0 
137 79 65 0 
136 78 64 0 
136 77 63 0 
135 76 62 0 
134 76 62 0 
129 76 60 0 
131 80 63 0 
133 80 66 0 
130 79 62 0 
130 77 63 0 
131 80 63 0 
130 77 63 0 
125 74 57 0 
127 74 60 0 
128 77 60 0 
128 75 61 0 
123 72 55 0 
123 70 56 0 
124 73 56 0 
124 71 57 0 
121 68 54 0 
119 66 52 0 
121 68 54 0 
122 69 55 0 
122 69 55 0 
120 67 53 0 
120 80 72 0 
120 80 72 0 
121 81 73 0 
121 81 73 0 
122 82 74 0 
123 83 75 0 
123 83 75 0 
123 83 75 0 
125 85 77 0 
125 85 77 0 
126 86 78 0 
126 86 78 0 
126 86 78 0 
125 85 77 0 
124 84 76 0 
124 84 76 0 
130 87 81 0 
130 85 80 0 
127 82 77 0 
126 81 76 0 
125 80 75 0 
126 81 76 0 
127 82 77 0 
128 83 78 0 
129 84 79 0 
129 84 79 0 
129 84 79 0 
130 85 80 0 
130 85 80 0 
131 86 81 0 
131 86 81 0 
130 87 81 0 
134 94 86 0 
132 94 85 0 
132 94 85 0 
132 94 85 0 
132 94 85 0 
132 94 85 0 
131 93 84 0 
131 93 84 0 
132 94 85 0 
132 94 85 0 
131 93 84 0 
130 92 83 0 
127 89 80 0 
125 87 78 0 
124 86 77 0 
123 85 76 0 
127 89 80 0 
128 90 81 0 
130 92 83 0 
131 93 84 0 
131 93 84 0 
130 92 83 0 
129 91 82 0 
128 90 81 0 
130 92 83 0 
130 92 83 0 
131 93 84 0 
131 93 84 0 
131 93 84 0 
129 91 82 0 
127 89 80 0 
127 87 77 0 
130 86 75 0 
130 86 77 0 
126 86 78 0 
123 86 78 0 
122 85 79 0 
119 82 73 0 
120 81 66 0 
123 78 55 0 
131 80 49 0 
216 158 120 0 
216 154 107 0 
230 164 112 0 
232 165 112 0 
232 167 111 0 
232 167 113 0 
228 165 111 0 
228 167 110 0 
229 168 111 0 
231 170 115 0 
233 173 119 0 
234 176 126 0 
233 177 128 0 
229 175 129 0 
226 173 131 0 
226 174 137 0 
224 174 141 0 
222 173 143 0 
220 173 145 0 
218 170 147 0 
215 168 148 0 
213 166 148 0 
212 165 145 0 
218 172 148 0 
215 169 143 0 
212 166 140 0 
212 166 140 0 
213 167 141 0 
213 166 140 0 
209 162 136 0 
205 158 132 0 
206 156 131 0 
206 156 131 0 
206 156 131 0 
208 156 132 0 
209 157 133 0 
211 159 135 0 
212 160 136 0 
212 162 137 0 
202 152 127 0 
202 155 129 0 
206 156 131 0 
203 156 130 0 
202 152 127 0 
199 152 126 0 
202 152 127 0 
201 154 128 0 
205 155 130 0 
198 151 125 0 
193 143 118 0 
186 139 113 0 
186 136 111 0 
184 137 111 0 
185 135 110 0 
183 133 110 0 
194 139 119 0 
194 138 121 0 
194 138 121 0 
192 136 119 0 
189 133 116 0 
185 133 112 0 
183 130 112 0 
182 131 110 0 
169 116 98 0 
168 117 96 0 
168 117 98 0 
169 121 99 0 
173 122 103 0 
173 125 103 0 
173 122 101 0 
172 121 102 0 
176 123 109 0 
124 70 58 0 
120 63 52 0 
136 80 67 0 
145 88 77 0 
145 89 76 0 
139 83 70 0 
155 97 83 0 
146 88 76 0 
144 86 72 0 
143 84 70 0 
141 82 66 0 
139 80 66 0 
138 79 63 0 
140 78 65 0 
137 78 62 0 
137 78 60 0 
138 81 62 0 
140 83 64 0 
140 83 64 0 
138 81 62 0 
136 79 60 0 
133 76 57 0 
130 73 54 0 
130 73 54 0 
132 75 56 0 
131 74 55 0 
126 69 50 0 
125 68 49 0 
126 69 50 0 
125 68 49 0 
121 64 47 0 
119 63 48 0 
118 65 51 0 
120 67 53 0 
119 66 52 0 
117 64 50 0 
121 81 73 0 
121 81 73 0 
121 81 73 0 
122 82 74 0 
123 83 75 0 
123 83 75 0 
124 84 76 0 
124 84 76 0 
125 85 77 0 
125 85 77 0 
126 86 78 0 
126 86 78 0 
126 86 78 0 
125 85 77 0 
125 85 77 0 
124 84 76 0 
127 84 78 0 
127 84 78 0 
126 83 77 0 
126 83 77 0 
127 84 78 0 
128 85 79 0 
129 86 80 0 
131 88 82 0 
128 85 79 0 
128 85 79 0 
129 86 80 0 
129 86 80 0 
130 87 81 0 
130 87 81 0 
130 87 81 0 
130 87 81 0 
132 92 84 0 
131 93 84 0 
131 93 84 0 
131 93 84 0 
130 92 83 0 
130 92 83 0 
130 92 83 0 
130 92 83 0 
131 93 84 0 
130 92 83 0 
130 92 83 0 
129 91 82 0 
128 90 81 0 
126 88 79 0 
124 86 77 0 
122 84 75 0 
127 89 80 0 
128 90 81 0 
130 92 83 0 
131 93 84 0 
131 93 84 0 
129 91 82 0 
128 90 81 0 
127 89 80 0 
129 91 82 0 
130 92 83 0 
130 92 83 0 
131 93 84 0 
130 92 83 0 
128 90 81 0 
126 88 79 0 
126 86 76 0 
129 85 74 0 
129 85 74 0 
125 85 77 0 
122 85 77 0 
120 83 75 0 
117 80 71 0 
117 78 63 0 
121 76 53 0 
128 77 46 0 
213 155 117 0 
213 151 104 0 
228 162 110 0 
230 163 110 0 
232 167 113 0 
233 168 114 0 
230 167 113 0 
229 167 110 0 
229 168 111 0 
231 170 115 0 
233 173 119 0 
237 177 125 0 
235 177 127 0 
232 176 129 0 
228 174 130 0 
220 165 124 0 
221 167 129 0 
223 170 136 0 
223 173 140 0 
222 171 142 0 
218 168 141 0 
215 165 140 0 
210 163 135 0 
218 172 139 0 
215 169 135 0 
213 167 133 0 
214 168 134 0 
216 170 136 0 
218 169 136 0 
214 165 132 0 
211 162 129 0 
207 157 124 0 
210 160 127 0 
211 161 128 0 
212 159 127 0 
209 156 124 0 
208 155 123 0 
212 159 127 0 
215 162 130 0 
200 150 117 0 
206 157 124 0 
213 163 130 0 
210 161 128 0 
203 153 120 0 
199 150 117 0 
203 153 120 0 
208 159 126 0 
205 155 122 0 
200 151 118 0 
195 145 112 0 
189 140 107 0 
187 137 104 0 
185 136 103 0 
185 135 102 0 
184 133 102 0 
193 137 114 0 
194 137 118 0 
194 137 118 0 
191 134 115 0 
186 129 110 0 
181 126 105 0 
179 124 104 0 
178 126 104 0 
189 134 114 0 
184 132 110 0 
181 129 108 0 
178 128 105 0 
178 126 105 0 
177 127 104 0 
176 124 102 0 
175 123 102 0 
184 128 113 0 
147 91 78 0 
144 86 74 0 
146 88 74 0 
145 87 75 0 
145 87 73 0 
133 75 61 0 
137 78 62 0 
144 85 71 0 
144 85 69 0 
144 82 67 0 
143 82 64 0 
142 80 65 0 
141 80 62 0 
142 79 64 0 
142 79 62 0 
138 76 55 0 
139 77 54 0 
141 79 56 0 
142 80 57 0 
141 79 56 0 
136 74 51 0 
132 70 47 0 
130 68 45 0 
133 71 48 0 
136 74 51 0 
134 72 49 0 
129 67 44 0 
128 66 43 0 
129 67 44 0 
127 65 42 0 
123 62 43 0 
119 61 47 0 
120 64 51 0 
121 65 52 0 
121 65 52 0 
117 64 50 0 
122 82 74 0 
122 82 74 0 
122 82 74 0 
122 82 74 0 
123 83 75 0 
123 83 75 0 
123 83 75 0 
123 83 75 0 
124 84 76 0 
124 84 76 0 
125 85 77 0 
126 86 78 0 
126 86 78 0 
126 86 78 0 
125 85 77 0 
125 85 77 0 
126 83 77 0 
126 83 77 0 
127 84 78 0 
128 85 79 0 
130 87 81 0 
131 88 82 0 
131 88 82 0 
132 89 83 0 
128 85 79 0 
128 85 79 0 
128 85 79 0 
129 86 80 0 
129 86 80 0 
130 87 81 0 
130 87 81 0 
128 87 81 0 
129 89 81 0 
128 90 81 0 
128 90 81 0 
129 91 82 0 
129 91 82 0 
129 91 82 0 
129 91 82 0 
129 91 82 0 
129 91 82 0 
128 90 81 0 
128 90 81 0 
129 91 82 0 
130 92 83 0 
129 91 82 0 
126 88 79 0 
124 86 77 0 
126 88 79 0 
127 89 80 0 
127 89 80 0 
127 89 80 0 
127 89 80 0 
126 88 79 0 
125 87 78 0 
125 87 78 0 
128 90 81 0 
129 91 82 0 
130 92 83 0 
130 92 83 0 
129 91 82 0 
127 89 80 0 
125 87 78 0 
125 85 75 0 
131 87 76 0 
130 86 75 0 
127 87 79 0 
124 87 79 0 
122 85 77 0 
120 84 72 0 
120 81 66 0 
123 78 55 0 
126 75 44 0 
213 155 117 0 
214 152 105 0 
227 161 111 0 
228 161 109 0 
230 165 111 0 
232 167 113 0 
231 168 114 0 
227 164 110 0 
227 165 108 0 
229 166 112 0 
230 169 114 0 
233 171 120 0 
233 173 123 0 
230 172 124 0 
227 171 124 0 
215 158 115 0 
215 160 119 0 
218 165 125 0 
219 167 128 0 
220 167 133 0 
215 165 132 0 
212 162 129 0 
210 160 125 0 
217 167 130 0 
215 167 127 0 
216 167 127 0 
216 167 127 0 
218 169 129 0 
217 168 128 0 
216 167 127 0 
216 164 125 0 
213 161 122 0 
214 162 123 0 
214 160 122 0 
211 157 119 0 
208 154 116 0 
206 152 114 0 
208 152 115 0 
209 155 117 0 
201 149 110 0 
208 156 117 0 
214 162 125 0 
212 160 121 0 
205 153 116 0 
201 149 110 0 
204 152 115 0 
209 157 118 0 
201 149 112 0 
205 153 114 0 
208 156 119 0 
208 156 117 0 
205 153 116 0 
200 148 109 0 
197 145 108 0 
196 143 109 0 
193 136 109 0 
196 138 116 0 
197 139 117 0 
194 136 114 0 
188 130 108 0 
183 127 104 0 
182 126 103 0 
183 129 105 0 
182 126 103 0 
178 124 100 0 
175 121 97 0 
172 120 96 0 
174 119 98 0 
173 121 97 0 
172 120 98 0 
173 118 97 0 
176 118 104 0 
142 84 70 0 
133 74 60 0 
123 64 50 0 
124 65 51 0 
142 83 67 0 
147 88 72 0 
156 94 79 0 
146 84 69 0 
145 84 66 0 
144 83 65 0 
144 81 63 0 
144 81 64 0 
144 81 63 0 
144 81 64 0 
146 81 63 0 
144 79 57 0 
143 79 54 0 
144 80 55 0 
147 83 58 0 
145 81 56 0 
139 75 50 0 
136 72 47 0 
136 72 47 0 
137 73 48 0 
139 75 50 0 
138 74 49 0 
134 70 45 0 
132 68 43 0 
133 69 44 0 
132 68 43 0 
126 64 43 0 
122 65 48 0 
122 66 53 0 
124 68 55 0 
123 67 54 0 
119 66 52 0 
124 84 74 0 
123 83 73 0 
123 83 73 0 
123 83 73 0 
123 83 73 0 
123 83 73 0 
122 82 72 0 
122 82 72 0 
122 82 72 0 
123 83 73 0 
124 84 74 0 
125 85 75 0 
126 86 76 0 
126 86 76 0 
126 86 76 0 
125 85 77 0 
126 83 77 0 
127 84 78 0 
130 87 81 0 
131 88 82 0 
